-6.791841697746311413e-01
-7.201449628325912178e-01
-8.882280442666892206e-01
5.208796885657174247e-01
3.952663532920736023e-01
-6.504281269933338550e-01
2.341237201878768381e+00
1.069118246851978427e+00
-2.008207613659469981e+00
-1.052302952441114936e+00
3.817350316660313991e-01
-1.106218270456899466e+00
2.536870579052680874e+00
-9.291268988430712028e-01
-1.475513845991077710e+00
1.084877886676497649e+00
-8.879075632349028302e-01
1.216961843885620009e+00
4.308857552553022607e-01
-1.768505615471767101e-01
5.938710044600230553e-01
-3.238186176003102767e-01
1.362764281514034503e-01
1.146567936182913749e+00
1.277835559174473889e-01
-3.503357656080162696e-01
1.729714868372181913e+00
9.936444618725858158e-01
1.512440795664965698e+00
6.936067008432053038e-01
5.003344483696992029e-03
-3.007636892943016393e-01
8.894429956102534174e-01
-1.018322432352615436e+00
-1.072107509663328129e+00
7.818658709080404945e-01
9.371484410795607456e-01
5.598715116376056233e-01
-1.266268314496233449e+00
2.097390207025371822e+00
4.523567914693326503e-02
-2.690355129550874858e-01
1.866149662662647035e+00
-9.028510914160514655e-02
-6.191816176642389591e-01
2.265143630469878655e+00
5.772990151567903849e-01
9.093040885218930391e-01
-6.471469408622503305e-01
1.344607522025796364e-01
1.256855182022885709e+00
-8.258369747714974785e-02
-3.165407924155726471e-01
4.377342550845245150e-01
7.869875826035541144e-02
-1.964719362987900730e+00
7.438718620603954612e-01
4.459116669209780559e-01
2.114421445599923288e+00
-6.250908080473716044e-01
-5.095425409048860710e-02
-1.420595862367057816e+00
-1.486531423781881911e-01
1.726956666521854145e-01
-1.066604533803525268e+00
-2.499641895866049346e+00
1.442254943356665597e+00
-1.612850678378521252e+00
-8.013021475450399222e-01
-9.186284786436207384e-01
-5.147614590748242347e-02
-1.140540719666900626e+00
6.972729472345603474e-01
2.140151088022651249e-01
1.668945444277294632e+00
7.967763154973211970e-01
-9.313037895334781713e-02
5.517963569302642979e-01
1.416343735359385736e+00
1.172373509976589734e+00
-5.959217881528514615e-01
-4.521911694095864798e-01
1.145902035866653179e+00
-3.195870669211593906e+00
1.071965241102725619e+00
-3.352280245335075293e-01
-3.788194962247533604e-01
5.796377636150283896e-01
1.313191936728729026e+00
1.892822046859786056e+00
2.903128695964016792e-01
6.935400204427289994e-01
-3.033712652889726802e-01
8.140780924798791673e-01
1.788504841445446303e-01
-3.876798009245893128e-01
-3.847056151965448367e-01
9.331570682279064499e-01
7.724435200122521383e-01
-4.286109297710530286e-01
-1.174748429359439905e+00
1.211280264015193175e+00
1.051058312556021335e-01
-1.196465771306487236e+00
1.549243580362598571e+00
4.687270335317602621e-01
1.775502455150376635e+00
9.605796938450222866e-01
-7.015353710161438272e-01
1.325766351642436058e+00
-9.725397254018862681e-01
5.781298454286647459e-01
-1.590624331824496140e+00
-2.423857486079215862e-01
-7.713324083045146606e-01
-9.054735964022461170e-01
-9.792886934640088192e-01
2.468216533054672090e-01
6.927573765755188351e-01
2.808703002849017860e-01
-1.117243799613218957e+00
4.296714966607155239e-01
-4.306718219315046059e-01
-1.436803430414371752e+00
1.776311306502319054e+00
-3.793869967990879943e-01
1.441978156021221924e+00
8.251897295456219750e-01
1.723567878560258615e+00
5.702990084513144264e-01
-4.748909518215470027e-01
-1.695016269182323121e-01
-1.018017535695473264e+00
2.460311692489619562e-01
-1.988583160808388595e+00
1.379820027062974130e+00
1.138132604163748729e+00
-6.614793426999787673e-01
1.014536220822611856e+00
-5.042306526900796060e-01
-2.806359952848251904e-01
1.234518276013641946e+00
-1.296379571293819533e+00
-1.011339492153645603e+00
1.032307708325799656e+00
1.603939756736596778e-01
-8.834794148413919190e-01
-1.263104396068468693e+00
1.379027563595177863e+00
-2.089702640722737037e+00
-7.698044966290424895e-01
1.696391405109463735e+00
-2.027981275925933025e-04
-9.506062701362506528e-01
-5.130817245398582305e-01
5.801101055503501414e-01
3.423072611860653591e-01
1.591958963269201471e-02
2.220163859793874983e-01
-7.237580431407415471e-01
1.252817708944915953e+00
-1.354718348755613588e+00
-1.026160134637272403e+00
1.421773027610322870e+00
5.937837504647069942e-01
1.002257202801847047e+00
-1.042603221087583965e+00
-3.797522535128777799e-01
-2.147749735975394425e-01
2.330051779876325668e-01
-2.007315750494514939e-02
-4.819436076534270308e-01
1.418012121299859207e-01
-1.876984660675382832e+00
1.843743690852825301e+00
1.050748889530892516e-01
-2.297884235814530385e+00
2.474825129387942663e-02
1.244470101886918867e+00
4.021861724682326833e-01
-1.777107648827073172e-01
1.808070135118938770e-01
7.202835680589704248e-01
1.804049780342730891e+00
5.647423113141391005e-01
-1.792447563270996636e+00
9.155159857944363822e-01
1.146900810526859438e+00
-1.916478411303143670e+00
-2.040152398354324603e+00
8.109237833664287853e-01
-1.426730343240681709e+00
1.508002178190286147e+00
-4.491635698207548377e-01
1.992623572361001960e-01
-9.245142910239442791e-02
-6.102712130032206250e-01
8.613804719882256489e-01
7.245211656500686326e-01
-8.018409041904377421e-01
2.642137493573908924e-01
2.376797330150474674e-01
1.059919972255594312e+00
1.795353419268856054e+00
-7.352226762827782647e-01
-1.227271936954835274e+00
-1.171041511445542360e+00
-5.296296687804163961e-01
7.472504493693631067e-02
-6.400392754961586883e-01
1.205203808642748342e+00
2.906457798679755733e-01
7.480609994599850543e-01
4.970475690897853127e-01
-2.969625215727964562e-01
-8.818907447667636568e-01
-1.637277090485259379e+00
-1.778047697752190404e+00
1.600115127195975928e+00
-9.662490847986079379e-01
-1.864113958042134811e-01
1.473896555025957733e+00
-2.508886193533375497e+00
-7.349526196433782410e-02
-1.495707245107894323e+00
-1.201071519109689900e+00
-1.214612632232269895e+00
-6.681530208313019026e-01
9.013169947361869827e-01
-1.853460595878239969e+00
2.175350020949409657e+00
-5.394505473648080196e-01
-5.516973403747065241e-01
-1.422551231024101970e+00
-2.393905250967927500e+00
-1.263128588977095568e+00
-6.229881786054598525e-01
1.311277379625326089e+00
-1.213213047045037934e-01
1.214646827652188454e+00
9.378096806065561175e-01
-9.875187349570160311e-01
-1.162942514685284118e-03
-2.205805292809615903e+00
-1.026682301632078520e+00
4.990455107807004187e-02
1.167422719819721122e+00
4.833729455820473531e-02
-1.762956189372397953e+00
-1.048462878168342494e+00
-7.069923350341432711e-01
-9.452889918264628655e-01
-1.181092090886397328e+00
-2.635628356109855908e+00
1.816900443439410651e-01
-1.224829697658596839e+00
2.362445381241842224e-01
-2.601752895755608530e-01
-1.782465183993249491e+00
1.413328059954231108e-01
-8.694154132974138971e-01
1.183957511086046743e+00
-1.059234410981120394e-01
-4.552906137747484983e-01
-1.953405269209978590e+00
-1.356537408210798157e+00
-5.125889582061758931e-01
3.515950203686201148e-01
-1.366977774497377229e+00
-2.552040866117517015e-01
9.481042128805365898e-01
-1.091457601198558391e+00
3.106158257464732841e-01
-5.733747768899395414e-01
-4.246131718147595491e-01
9.783549887705781378e-01
7.593543134369232783e-01
-1.779280499852771424e-01
-2.220948827222513633e-01
1.135756966211240782e+00
-5.609790675478099065e-01
-4.633776696342616908e-01
5.976480607989866911e-01
-1.112508943508237369e+00
-1.979291029026888582e+00
5.366010753051894122e-01
-1.950225338659163782e-02
-1.470774290195302925e+00
-1.995955434265335726e-01
5.734033457552067947e-02
-1.777071427455555241e+00
-2.735252181599462151e+00
-2.128584386353035818e+00
1.069015828331798978e+00
-1.152276826619053729e+00
3.153792153921320396e-01
5.578820342817356615e-01
1.498873267158514766e+00
-9.023866543005001351e-01
-3.727516908297073273e-01
-7.224764433672182795e-01
1.823220290504476093e+00
-4.019485812260493174e-01
-4.881717138819039459e-01
-1.359853514077989045e+00
4.140534435179902828e-01
-1.055036031107869032e+00
1.300595169391570494e+00
2.461349309288120013e-01
-1.202284204711290966e-02
9.417609444313565503e-02
1.316209641672775099e+00
6.575405255884819722e-02
4.222220118951761081e-01
6.448140364847070316e-01
-2.748584119708453732e-01
-1.854543518634563348e+00
-2.495639521660672142e-02
-2.226074592433020805e-01
1.591596072971209530e+00
-6.170509984363619083e-01
-5.266901284924846438e-02
1.913976147850484200e+00
9.276453829559739850e-01
-1.137832292038736259e+00
1.399816652738278266e-01
1.376197653596133774e+00
-1.454553823581094529e-01
-1.291541850571872319e+00
4.019788539229773860e-02
2.726734437109045728e-01
1.391425131033406926e+00
-7.903342994043618397e-01
-5.257550837295440482e-01
-2.633100235471470096e+00
-1.064819311943236091e+00
1.744827341857211112e+00
1.738942018612018359e+00
-1.693067122550029335e-01
1.660654483828132744e+00
-2.736301409342240198e+00
-2.903764079856610447e+00
6.137693015982067513e-01
-1.682564411371724189e+00
-7.073176541751236002e-01
-1.762823278746765976e-01
-2.142992157247254337e-01
2.110218004913548273e-01
5.998600008256614879e-01
-1.983722893248736741e+00
-2.143729065851173399e+00
-3.878093390953509245e-01
4.988162725307015433e-01
-2.164746147057993841e+00
-1.320479972009970693e+00
-1.020649562189871684e+00
-1.808304170681338308e+00
-2.888828452456639884e-01
1.752526328611555329e+00
-1.277646405124369000e+00
-5.858094345503935818e-01
9.705358873033296252e-01
-1.158375146980518799e+00
-6.048276819298555873e-01
-5.281881028062361816e-01
4.776165216010831438e-01
-5.909845390190678061e-02
-1.029975211578777916e+00
-1.089724417324990924e-01
-6.904887691931760330e-01
-1.942109765425360735e+00
-1.631521224626917510e+00
4.369583952436411067e-01
-5.820738891327359443e-01
3.340256639272227157e-01
1.409429533562783110e+00
-2.375885176735505200e-01
-1.300027189481993695e+00
7.442711720911030504e-01
7.579205763337887314e-01
1.123213516275544333e+00
8.050150547993643879e-02
1.452464623955351808e-01
-5.193895465754774787e-02
6.235553335695290800e-01
6.702084283981758484e-01
2.123377795859813233e-01
2.438420908902485529e+00
-1.086063594410566990e+00
-3.918331078678786716e-01
1.405550927674112049e+00
6.082043295710831687e-01
-2.824803781084972432e-01
1.692200356353117829e+00
2.433216609845796352e-01
3.179308232803445544e-01
-3.254591997040738871e-01
-1.502671349181533555e+00
-1.948890450525853080e+00
1.701274201891513904e+00
-8.700800135471581376e-01
-4.545469495500827906e-01
2.361603215303722525e+00
1.031693395232655019e+00
-1.169359100067991264e+00
7.339328596936018911e-01
6.757696697655730667e-01
1.389072158346364994e-01
-2.397768946965941783e+00
2.613270337647038422e-01
2.848903674119527718e+00
-1.282712634036757837e+00
1.874899923446542993e-01
-1.088869796594349015e+00
-8.168244522889056558e-01
-4.232934012196096218e-01
-1.731087052749822108e+00
-4.791235525500506243e-01
7.982616643006576473e-02
2.528133199560246069e+00
1.292968963083866718e-01
6.809280955841696681e-01
-9.220094225270467070e-03
-3.877332093517816825e-01
-1.584067478000826368e+00
2.545847931176585810e-01
-1.111670576578586700e-01
-3.336925769077411230e-01
-6.600482631626640728e-01
-7.164486778250744869e-01
9.508884778742340282e-01
-2.807049654532668415e-01
8.741381904732025143e-01
-7.726959461562729614e-02
-5.793024457580094877e-01
8.995762578835044820e-01
-8.181420546106801250e-01
9.975834578834166244e-01
9.862438598360012687e-01
1.929745171416828164e-01
1.307274749641294198e+00
9.909081958180642191e-01
1.124572164563382159e+00
7.715153697593581938e-01
-1.846043089604975984e+00
-8.140911422383702301e-02
6.372622118567128346e-01
-5.833966136156565341e-01
-2.647219974742380244e-01
9.087868946949505533e-01
-1.576794427968394974e+00
3.061682924675948048e+00
-6.986702182769501945e-01
-2.682131048049953836e-01
1.073332486482996506e+00
-4.965333049254450626e-01
-2.044466528595477506e+00
-1.166995964174049272e+00
-3.743859559442904716e-01
6.464667129024287417e-01
9.229712424828308004e-01
5.684074273540558053e-01
1.292602157592694367e-01
4.284946676519881814e-01
5.026329789382921742e-01
-1.565341521199789865e+00
-4.127547839849960987e-01
-6.448404960807684327e-01
3.520829468319537914e-01
1.082873374713220205e+00
1.233113168328836551e+00
1.098013476737177196e+00
1.382247474265573040e+00
-5.899595502199463937e-01
4.193960316647544762e-01
-9.308146371734912217e-01
-8.924939091246549827e-01
-7.528670122719978153e-01
-5.135064865341107954e-01
3.934102967360942893e-01
1.922278238046022103e-01
1.017715517365193723e+00
4.008091001511449036e-01
-1.395202759684519345e+00
-5.858883687406112317e-01
-1.434905658291640018e-01
1.072101886405810500e+00
9.673878521602796710e-02
8.036418394309137181e-01
-9.440561598190611026e-01
1.270829906843653490e+00
2.167909934133405714e-01
4.345287187137079621e-01
1.786936185607750138e+00
4.261506262182395699e-01
1.580869417459402682e+00
1.030226120521595456e+00
-4.666493393574577819e-02
-3.841318195850890183e-01
3.395601646957644437e-01
-5.154431413592958089e-01
9.932738877408076039e-02
-2.668361529442948576e+00
-4.696647844325401167e-01
-1.067175207484581945e+00
-2.019313786690392076e-01
1.274899817016856840e+00
-1.626797389031653829e+00
-2.586157180868987604e-01
-1.597704569393852747e+00
5.655133497305793178e-01
-1.281101391330789152e+00
-6.533001635484388947e-01
-1.763034931825786078e+00
-7.350957561798650008e-01
-3.003772342545432683e-02
-5.656428058408212722e-01
3.561222940027068962e-01
-4.196042384173554463e-01
-8.254007091889695724e-01
-1.396742689650339431e+00
-1.127875478127706721e+00
2.851639212167436099e-01
4.527223844009722886e-02
-9.204034976373537402e-01
-2.606175801343610376e-02
-6.885512769277499778e-01
6.787304422650624058e-01
-2.141442350763748115e-01
-2.535177087509483118e-01
-9.154858898466020634e-01
-1.149598331512072358e+00
-8.192350842715742099e-01
-1.655797014987604010e+00
-1.446407489244361244e-01
1.798582861697836099e-01
-1.028647626352461986e+00
-8.526110527483536927e-01
1.079086689286689493e+00
-1.999340260248492207e-01
-8.987132934992148048e-01
-1.656305466228559231e+00
-9.900215250717693261e-01
7.922371518305013627e-01
