-0.16487933627857532,0.5745856631460837,-0.11751333071955306,-0.7348801267142242,0.6599786569449504,0.027123782492367597,-0.3882091015812718,-0.4046808899021881
-0.19973792664393603,-0.43291388014947274,-0.779897732202639,0.4235214992052478,-0.5814694597705486,0.10146699235166008,-0.5509006616266304,-0.4843908681159881
0.31817080033518075,0.795892478671708,-0.1384620335154919,-0.0495303462559869,-0.126123657662186,-0.6387517707117795,0.25206579602902335,0.27909338711290194
0.6846228836168163,-0.2317098133353922,-0.36360154579757165,0.13344505276403518,0.07625975571312123,-0.6457278406703812,-0.4024993699865753,-0.11160426512248316
0.11543203612021677,-0.11339398186213438,-0.2658033120269222,-0.02672649791745496,0.5559316649248649,0.029282085066343472,0.3179741070913032,0.08567354097612082
0.20640033250545228,-0.020566379832992393,-0.6373643474927403,0.37992196984558907,0.005658649764237189,0.04562606594901833,0.30025917223849563,0.11103323016221953
0.4255325896597654,0.05083032795837136,0.3503938110528294,-0.36748330546133184,-0.5910789438680312,-0.13870965408893587,-0.2676802092540897,-0.28920185841873175
-0.754333886761984,0.0489906992276146,-0.11389348306055462,-0.1442458879468437,0.7367598488476412,0.06462577219685205,0.8436002246279523,-0.18964067262152298
0.286955534567275,0.0654174000156197,-0.3731609800630508,-0.25971900356392885,0.3007060988431755,-0.47884574305756766,-0.3953949818293983,-0.2666081758703257
0.23279217326220786,0.3528160467570444,-0.39177492263023456,0.6649776657074267,0.0028008456437800325,-0.27265562910668895,0.030721120518085426,-0.6378663304090707
0.4603867385107541,-0.42658764021021367,0.0883052676104551,-0.38024705050665303,-0.5471021333191014,-0.08620358222059447,-0.3263470182555673,-0.4191376753503791
-0.11565309918474692,0.3039361298634312,-0.2502673716472896,0.2845118256445862,0.260939360737019,-1.1916826662242996,0.5326207903229675,0.10429578509410593
0.38383392196071464,0.26987766512863154,-0.1568961677026761,0.1502659187755076,0.6861588333787347,-0.4808204787750192,0.21532293974492264,-0.3896834408696029
0.1546262011063501,-0.27346133513024573,-0.11925664793049218,-0.1569919526915395,1.1438995326422632,-0.4712232016149691,0.16275294626367298,-0.3590312885479852
-0.07594401976263329,0.5848536514573797,-0.8884869898034693,0.44769019041108404,-0.5654989009101345,-0.4597523598150496,-0.312168624901677,0.055643905772021586
-0.1412588934517646,0.1468681066386101,0.24761024924698827,-0.04562674421592411,0.028420745224361853,-0.6017370886109709,0.18662024363555524,-0.5092014482824786
end of layer
-0.1387546076328704,0.8518996613385741,-0.08099270872818154,0.6729702979861985
0.43743050244063025,0.38480159868778063,-0.47367597849683624,0.375646660133549
0.8376919728301006,0.4139076200484576,0.7554434074757136,-0.3670195393164375
0.4609070212442432,1.1851156915473786,-0.5078338083693817,-0.6377543540361208
0.7361244851309964,0.34127775937103777,-0.7892033578704778,-0.5044100413372189
0.11239843909383307,0.7262461864025496,0.18577615084600738,-0.3769008922428789
-0.7186930408048376,0.5030412662624646,-0.09921277754647928,0.2919833710556756
0.1510196732036998,0.5312512816479253,0.787478380180608,-0.7502209256370511
end of layer
-0.5892844241176252
0.12769182135499718
-1.2957743781178586
1.341034411352214
end of layer
